0 17
2 1
3 13
4 1
7 9
8 14
9 12
11 6
12 6
13 6
15 6
17 2
18 2
19 2
20 5
21 1
22 11
23 4
24 1
26 1
27 5
28 4
29 13
30 4
33 12
36 4
37 15
39 7
40 3
41 6
42 6
49 12
51 3
52 9
53 9
54 14
55 10
56 10
57 10
58 14
59 14
60 13
61 10
62 14
64 2
65 2
66 1
67 1
68 1
69 1
70 1
71 10
72 11
73 11
74 11
75 11
76 11
77 3
78 11
79 11
80 11
81 6
82 15
83 9
84 12
85 12
86 12
87 12
88 5
89 4
90 4
91 4
92 3
93 13
94 13
95 13
96 13
97 13
99 15
100 12
101 7
105 13
106 5
108 9
109 7
110 10
111 5
112 13
113 13
114 14
115 13
116 6
119 2
121 9
122 7
123 3
124 3
125 7
126 9
127 10
128 10
131 10
132 15
133 13
134 13
136 1
138 13
139 3
140 11
141 6
143 2
145 10
147 11
148 12
149 13
150 10
151 3
152 10
153 5
154 1
155 7
156 13
157 5
158 7
161 13
165 15