0 101
1 100
2 100
3 90
4 100
5 100
6 100
7 100
8 100
9 100
10 100
11 100
12 75
13 100
14 101
15 95
16 100
17 100
18 75
19 85
20 70
21 100
22 100
23 100
24 100
25 90
26 95
27 100
28 100
29 100
30 95
31 95
32 20
33 100
34 100
35 70
36 100
37 90
38 100
39 100
40 100
41 75
42 100
43 100
44 100
45 100
46 90
47 90
48 100
49 100
50 100
51 100
52 100
53 100
54 100
55 100
56 85
57 101
58 100
59 80
60 100
61 90
62 100
63 90
64 100
65 100
66 100
67 100
68 100
69 100
70 100
71 100
72 100
73 100
74 101
75 100
76 100
77 100
78 90
79 75
80 100
81 100
82 90
83 70
84 100
85 100
86 100
87 75
88 100
89 100
90 20
91 85
92 100
93 85
94 100
95 65
96 101
97 101
98 100
99 100
100 85
101 80
102 101
103 100
104 100
105 101
106 101
107 101
108 75
109 100
110 101
111 101
112 101
113 101
114 101
115 101
116 100
117 101
118 101
119 101
120 100
121 100
122 100
123 100
124 85
125 100
126 85
127 85
128 70
129 101
130 100
131 95
132 90
133 101
134 90
135 101
136 85
137 100
138 100
139 20
140 100
141 100
142 75
143 100
144 101
145 100
146 75
147 100
148 100
149 100
150 100
151 101
152 100
153 100
154 95
155 90
156 101
157 85
158 100
159 101
160 101
161 100
162 100
163 100
164 101
165 101