0 0
1 0
2 0
3 0
4 0
5 8
6 0
7 4
8 4
9 4
10 4
11 4
12 4
13 4
14 2
15 0
16 6
17 0
18 1
19 0
20 4
21 4
22 4
23 0
24 0
25 8
26 0
27 0
28 2
29 0
30 0
31 0
32 9
33 0
34 4
35 4
36 0
37 0
38 0
39 0
40 0
41 4
42 4
43 2
44 0
45 2
46 6
47 1
48 0
49 0
50 13
51 6
52 6
53 4
54 0
55 6
56 0
57 0
58 4
59 4
60 0
61 0
62 6
63 0
64 0
65 0
66 0
67 0
68 0
69 0
70 0
71 8
72 8
73 1
74 2
75 0
76 0
77 0
78 1
79 1
80 0
81 6
82 0
83 4
84 6
85 4
86 1
87 4
88 0
89 0
90 9
91 0
92 1
93 4
94 6
95 1
96 2
97 2
98 0
99 4
100 0
101 4
102 13
103 2
104 1
105 3
106 2
107 2
108 4
109 1
110 2
111 3
112 2
113 11
114 1
115 11
116 0
117 0
118 13
119 13
120 0
121 4
122 4
123 0
124 4
125 0
126 4
127 0
128 4
129 0
130 0
131 0
132 1
133 2
134 1
135 3
136 0
137 1
138 8
139 9
140 0
141 8
142 1
143 0
144 13
145 0
146 4
147 1
148 2
149 2
150 0
151 2
152 0
153 0
154 0
155 0
156 13
157 0
158 0
159 2
160 13
161 1
162 0
163 0
164 13
165 0