0 0
1 73
2 73
3 73
4 73
5 73
6 73
7 73
8 73
9 73
10 73
11 73
12 73
13 73
14 32
15 73
16 73
17 73
18 73
19 73
20 73
21 73
22 73
23 73
24 73
25 73
26 73
27 73
28 88
29 73
30 73
31 73
32 73
33 73
34 73
35 73
36 73
37 73
38 73
39 73
40 73
41 73
42 73
43 88
44 73
45 88
46 73
47 88
48 73
49 73
50 8264
51 73
52 73
53 73
54 73
55 73
56 73
57 73
58 73
59 73
60 73
61 76
62 73
63 76
64 73
65 73
66 73
67 73
68 1
69 73
70 73
71 73
72 73
73 88
74 32
75 73
76 73
77 73
78 88
79 88
80 73
81 73
82 73
83 73
84 73
85 73
86 88
87 73
88 73
89 73
90 73
91 73
92 88
93 73
94 73
95 88
96 32
97 32
98 73
99 73
100 73
101 73
102 8200
103 344
104 32
105 4128
106 32
107 32
108 73
109 88
110 32
111 4128
112 32
113 32
115 32
116 73
117 9
120 73
121 73
122 73
123 73
124 73
125 73
126 73
127 73
128 73
129 73
130 73
131 73
132 88
133 32
134 88
135 4128
136 73
137 88
138 73
139 73
140 73
141 73
142 88
143 73
145 73
146 73
147 88
148 88
149 88
150 73
151 32
152 73
153 73
154 73
155 73
156 4128
157 73
158 73
159 32
161 88
162 73
163 73
164 32
165 9