0 0
1 140
2 55
3 60
4 80
5 100
6 180
7 100
8 100
9 100
10 85
11 95
12 120
13 95
14 0
15 55
16 90
17 55
18 150
19 150
20 15
21 85
22 85
23 80
24 50
25 120
26 150
27 80
28 0
29 100
30 35
31 35
32 1
33 120
34 85
35 15
36 120
37 140
38 120
39 100
40 35
41 75
42 35
43 0
44 80
45 0
46 120
47 0
48 100
49 200
50 0
51 95
52 90
53 95
54 60
55 90
56 120
57 95
58 95
59 120
60 130
61 150
62 90
63 150
64 60
65 90
66 120
67 80
68 1
69 1
70 140
71 60
72 60
73 0
74 0
75 55
76 180
77 100
78 0
79 0
80 140
81 100
82 120
83 15
84 90
85 95
86 0
87 120
88 90
89 100
90 1
91 150
92 0
93 120
94 90
95 0
96 0
97 0
98 80
99 85
100 150
101 120
102 0
103 0
104 0
105 0
106 0
107 0
108 150
109 0
110 0
111 0
112 0
113 0
114 0
115 0
116 180
117 1
118 0
119 0
120 125
121 100
122 85
123 200
124 150
125 60
126 120
127 150
128 15
129 95
130 180
131 35
132 0
133 0
134 0
135 0
136 150
137 0
138 250
139 1
140 200
141 100
142 0
143 180
144 0
145 80
146 150
147 0
148 0
149 0
150 140
151 0
152 90
153 100
154 35
155 60
156 0
157 120
158 80
159 0
160 0
161 0
162 1
163 70
164 0
165 50