0 0
1 5
2 10
3 5
4 5
5 10
6 1
7 5
8 5
9 5
10 10
11 15
12 5
13 5
14 20
15 10
16 10
17 10
18 5
19 10
20 10
21 10
22 10
23 15
24 5
25 10
26 5
27 5
28 20
29 20
30 10
31 10
32 5
33 5
34 15
35 10
36 5
37 5
38 5
39 10
40 10
41 5
42 10
43 15
44 15
45 15
46 5
47 10
48 15
49 1
50 15
51 15
52 10
53 15
54 5
55 10
56 5
57 15
58 10
59 5
60 5
61 5
62 10
63 5
64 5
65 10
66 5
67 15
68 15
69 15
70 5
71 10
72 10
73 10
74 20
75 10
76 5
77 10
78 5
79 15
80 5
81 10
82 5
83 10
84 10
85 15
86 10
87 10
88 10
89 10
90 5
91 10
92 10
93 5
94 10
95 10
96 20
97 20
98 5
99 20
100 10
101 5
102 10
103 15
104 10
105 15
106 20
107 20
108 5
109 10
110 20
111 5
112 20
113 15
114 15
115 15
116 5
117 15
118 15
119 15
120 5
121 5
122 15
123 1
124 5
125 5
126 5
127 10
128 10
129 10
130 5
131 10
132 10
133 20
134 10
135 10
136 10
137 10
138 10
139 5
140 1
141 5
142 10
143 5
144 5
145 15
146 5
147 10
148 20
149 15
150 5
151 20
152 10
153 1
154 10
155 5
156 10
157 5
158 15
159 20
160 20
161 10
162 5
163 10
164 10
165 1