0:0
1:0
2:0
3:0 117 34 38 89 90 45 74 63 73 72 102 75 115 156 130 79 76 14 92 22 164
4:0
5:0
6:0 117 44 34 68 38 82 89 126 83 90 53 19 45 63 43 102 99 115 156 69 130 163 66 129 14 92 17
7:0
8:0
9:0 117 44 34 68 38 89 90 114 56 63 102 115 156 69 130 66 57 131 92 110
10:0
11:0
12:0 117 109 93 38 148 16 63 72 102 94 105 115 156 79 76 81 92 18
13:0
14:0
15:0 97 117 38 31 63 72 102 42 40 115 156 130 81 14 92 41
16:0
17:0
18:0 97 117 38 19 16 63 102 119 115 156 98 28 103 143 92 18 17
19:0
20:0 117 44 145 38 154 63 158 102 156 130 162 92
21:0
22:0 97 117 38 65 19 31 45 63 43 102 119 156 143 92
23:0
24:0 51 117 34 38 89 90 137 114 63 158 122 72 102 40 156 157 88 103 130 92 35 44 54
25:0
26:0 97 117 34 145 38 148 45 63 113 102 115 156 69 130 21 66 57 129 33 87 86 85 92
27:0
28:0 117 34 38 89 90 154 63 102 40 156 157 88 27 28 10 69 130 163 66 129 14 36 92
29:0
30:0
31:0 117 44 59 34 68 24 38 89 126 90 53 31 154 45 32 63 58 142 102 40 115 156 157 88 69 130 66 57 36 87 85 92
32:0
33:0
34:0 117 59 34 68 24 38 89 126 90 53 31 154 32 63 58 142 102 40 115 156 157 88 69 130 66 57 36 87 85 92 30 43
35:0
36:0 117 59 34 68 38 126 53 148 45 63 58 113 118 102 107 1 94 105 115 156 69 130 76 66 87 86 85 92
37:0
38:0 133 117 34 109 50 38 126 83 53 63 95 102 115 156 130 129 39 92
39:0
40:0 117 59 34 68 50 38 3 126 53 148 63 58 102 107 94 105 115 156 69 47 130 76 66 87 86 85 92
41:0
42:0 51 117 109 50 38 137 114 63 72 102 156 103 48 129 92 17
43:0
44:0
45:0 117 34 38 74 63 72 102 80 77 115 156 76 78 92
46:0
47:0 133 117 34 15 38 154 63 141 72 102 115 156 130 163 76 147 78 14 92 164
48:0
49:0 117 50 38 148 63 141 102 77 115 156 79 124 78 92
50:0
51:0 117 34 91 104 38 89 90 45 114 63 102 156 88 28 10 163 36 92
52:0
53:0 117 44 34 145 38 154 45 63 102 6 156 10 103 130 163 87 85 92
54:0
55:0 133 117 59 34 61 68 50 38 154 56 63 58 102 156 10 69 130 66 57 92
56:0
57:0 117 34 68 38 154 63 2 67 118 102 156 88 10 103 69 130 66 87 85 92
58:0
59:0 97 117 44 34 38 126 53 63 43 102 115 156 46 130 129 92
60:0
61:0
62:0 133 117 59 34 68 38 89 90 56 63 95 58 2 118 102 94 156 69 130 66 57 92
63:0
64:0
65:0 117 34 93 68 50 38 148 63 134 118 102 94 105 115 156 69 130 66 86 92
66:0
67:0
68:0 117 34 68 38 89 126 90 53 63 2 43 67 118 102 156 157 88 69 130 70 66 92
69:0
70:0
71:0 51 117 34 38 74 63 122 72 102 77 75 115 156 79 76 78 14 92 35
72:0
73:0 51 112 117 59 38 56 63 58 102 40 115 156 103 130 57 14 92 35
74:0
75:0
76:0 117 34 68 111 38 89 153 126 90 53 63 118 102 156 157 88 27 69 120 66 92
77:0
78:0 97 117 34 38 89 126 83 90 53 45 30 32 63 102 156 130 23 36 92
79:0
80:0 133 117 59 34 68 50 38 89 126 90 53 148 45 29 63 58 102 94 115 156 69 130 66 57 86 92
81:0
82:0 117 104 38 153 148 63 102 115 156 103 49 87 86 85 92 164
83:0 97 133 117 59 34 38 126 53 19 31 63 58 43 102 64 115 156 28 130 163 129 87 85 92
84:0
85:0 97 117 34 104 38 65 19 31 45 114 63 43 67 102 115 156 130 143 92
86:0
87:0 62 117 59 34 61 38 45 29 32 63 58 102 156 130 92
88:0
89:0 51 151 117 34 50 126 53 74 63 72 102 139 156 103 120 124 123 87 85 92
90:0
91:0 117 20 59 128 38 153 63 58 43 102 156 120 131 92 110 164
92:0
93:0
94:0 117 34 109 68 38 138 63 95 122 118 102 101 94 156 69 120 130 87 85 92
95:0 117 20 34 111 38 89 153 90 74 106 63 115 156 157 88 103 120 130 92 164
96:0
97:0 117 34 68 50 38 138 148 29 63 95 118 102 94 115 156 69 130 66 86 92
98:0
99:0 117 34 152 38 12 63 43 102 156 14 92 11
100:0
101:0 117 148 63 113 102 115 156 103 120 130 49 129 100 87 86 85 92 164
102:0
103:0 140 117 104 38 121 63 95 73 72 102 94 75 115 156 120 135 76 23 92 164
104:0
105:0 117 59 34 125 155 68 38 89 126 90 53 45 63 58 102 156 69 130 66 36 92
106:0 24 136 26 67 96 25 27
107:0 4 7 8 96 5 9
108:0 117 34 68 50 38 89 126 90 53 63 122 102 103 69 130 23 66 57 87 85 92 35
109:0
110:0 51 117 126 53 114 63 102 139 156 120 124 123 108 87 85 92 164
111:0
112:0 117 59 34 68 38 89 126 90 53 31 30 32 63 58 43 102 156 157 88 69 130 23 66 57 36 87 85 92 164
113:0 117 59 34 68 38 121 126 53 148 45 63 58 113 118 102 107 94 115 156 69 130 135 76 66 87 86 85 92
114:0 71 117 34 38 74 63 73 72 102 77 156 130 79 76 57 14 92 22 35 164
115:0 117 44 59 34 68 146 104 89 126 90 53 63 58 43 102 156 157 88 27 69 130 66 57 87 85 92 38
116:0
117:0 97 117 38 126 53 114 56 63 43 102 99 156 130 108 57 92
118:0
119:0 97 117 59 38 31 114 30 32 63 58 102 64 156 103 130 57 92 127
120:0
121:0 117 59 61 109 38 148 56 63 58 113 102 94 105 115 156 130 57 129 87 86 85 92
122:0 112 117 34 68 38 3 148 63 113 96 118 102 94 105 115 156 69 130 21 76 66 87 86 85 92
123:0 97 117 15 38 116 63 43 102 13 156 130 163 129 14 92 17
124:0 117 59 34 68 38 3 63 58 8 122 142 118 102 94 149 105 115 156 69 130 66 92
125:0 117 34 68 38 148 63 43 113 118 102 94 149 105 156 103 69 130 66 87 86 85 9 92
126:0 117 34 109 68 38 126 7 53 63 43 118 102 94 149 105 115 156 69 130 66 92
127:0 117 20 34 38 12 63 102 156 69 21 163 66 14 92 11
128:0 117 59 34 38 89 126 90 53 32 63 58 43 102 156 130 23 36 87 85 92
129:0
130:0 117 44 59 38 82 126 53 56 63 58 43 102 99 156 130 150 57 87 85 92
131:0 117 44 59 34 109 38 45 114 32 56 63 58 142 102 54 94 115 156 130 76 57 87 85 92
132:0 144 139 92
133:0
134:0 151 117 44 59 34 38 45 74 114 56 63 58 102 98 115 156 28 130 57 92 55
135:0 97 117 44 34 24 38 148 45 74 63 102 42 98 115 156 28 130 164 87 86 85 84 92
136:0 117 44 34 38 52 126 83 53 45 74 63 43 102 98 115 156 28 130 92 
137:0 97 117 59 109 160 50 38 148 114 63 58 113 118 102 94 105 115 156 159 130 129 87 86 85 92 161 164
138:0
139:0 117 44 59 34 38 30 32 56 63 58 43 102 115 156 157 88 69 130 131 66 57 92 110 164
140:0
141:0 117 34 38 63 58 43 102 115 156 157 88 27 69 130 21 163 66 57 14 92
142:0 97 117 44 38 82 126 53 19 63 102 99 156 157 88 143 129 92 17
143:0 133 117 59 34 68 38 89 126 90 53 29 63 58 118 102 94 115 156 69 120 130 76 66 57 87 85 92
144:0 97 117 59 38 65 19 63 58 102 54 115 156 143 92
145:0 97 117 38 65 148 19 63 113 102 115 156 143 87 86 85 92
146:0 97 117 38 65 126 83 53 19 31 137 63 102 115 156 103 143 92
147:0
148:0
149:0 117 59 132 38 126 53 32 63 58 102 99 115 156 130 57 37 87 85 92 82
150:0 117 34 68 38 148 63 118 60 69 130 66 129 92
151:0 1 2 3 4 5 6 7 8 9 10 11 12 13 14 15 16 17 18 19 20 21 22 23 24 25 26 27 28 29 30 31 32 33 34 35 36 37 38 39 40 41 42 43 44 45 46 47 48 49 50 51 52 53 54 55 56 57 58 59 60 61 62 63 64 65 66 67 68 69 70 71 72 73 74 75 76 77 78 79 80 81 82 83 84 85 86 87 88 89 90 91 92 93 94 95 96 97 98 99 100 101 102 103 104 105 106 107 108 109 110 111 112 113 114 115 116 117 118 119 120 121 122 123 124 125 126 127 128 129 130 131 132 133 134 135 136 137 138 139 140 141 142 143 144 145 146 147 148 149 150 151 152 153 154 155 156 157 158 159 160 161 162 163 164